site,rising_percentage,stable_percentage,falling_percentage
#2752301,27.27272727272727,54.54545454545454,18.181818181818183
#2750501,50.0,18.75,31.25
#2736901,41.66666666666667,33.33333333333333,25.0
#2736401,31.25,43.75,25.0
#2738101,6.25,18.75,75.0
#2743801,20.689655172413794,68.96551724137932,10.344827586206897
#2751401,40.0,45.0,15.0
#2751601,40.0,50.0,10.0
#2735701,35.483870967741936,41.935483870967744,22.58064516129032
#2752702,21.428571428571427,42.857142857142854,35.714285714285715
#2733201,19.35483870967742,67.74193548387096,12.903225806451612
#2744201,36.666666666666664,46.666666666666664,16.666666666666664
#2750802,2.666666666666667,86.66666666666667,10.666666666666668
#2743701,40.74074074074074,48.148148148148145,11.11111111111111
#2737801,27.27272727272727,63.63636363636363,9.090909090909092
#2735201,0.0,20.689655172413794,79.3103448275862
#2735302,4.0,24.0,72.0
#1112803,66.66666666666666,26.666666666666668,6.666666666666667
#1113702,36.666666666666664,33.33333333333333,30.0
#660202,36.84210526315789,42.10526315789473,21.052631578947366
#664702,10.0,23.333333333333332,66.66666666666666
#1112522,32.25806451612903,58.06451612903226,9.67741935483871
#1112901,36.666666666666664,60.0,3.3333333333333335
#652501,45.16129032258064,48.38709677419355,6.451612903225806
#655615,8.333333333333332,36.11111111111111,55.55555555555556
#1112701,40.0,30.0,30.0
#656404,6.666666666666667,26.666666666666668,66.66666666666666
#661601,27.586206896551722,37.93103448275862,34.48275862068966
#661802,27.586206896551722,51.724137931034484,20.689655172413794
#662101,41.37931034482759,31.03448275862069,27.586206896551722
#662201,21.428571428571427,60.71428571428571,17.857142857142858
#663601,12.5,37.5,50.0
#664701,11.11111111111111,22.22222222222222,66.66666666666666
#1112401,17.24137931034483,82.75862068965517,0.0
#660502,22.727272727272727,63.63636363636363,13.636363636363635
#662901,34.78260869565217,43.47826086956522,21.73913043478261
#654801,27.586206896551722,62.06896551724138,10.344827586206897
#652906,8.333333333333332,33.33333333333333,58.333333333333336
#654902,30.434782608695656,21.73913043478261,47.82608695652174
#660902,38.46153846153847,34.61538461538461,26.923076923076923
#661608,36.0,32.0,32.0
#662301,21.73913043478261,60.86956521739131,17.391304347826086
#664404,25.0,21.875,53.125
#1107401,37.93103448275862,20.689655172413794,41.37931034482759
#1104101,26.666666666666668,43.333333333333336,30.0
#655504,1.1715481171548117,95.73221757322176,3.096234309623431
#663802,13.793103448275861,34.48275862068966,51.724137931034484
#652801,3.571428571428571,57.14285714285714,39.285714285714285
#653403,13.793103448275861,79.3103448275862,6.896551724137931
#653703,33.33333333333333,36.666666666666664,30.0
#654701,33.33333333333333,46.666666666666664,20.0
#661301,36.0,60.0,4.0
#661311,14.285714285714285,46.42857142857143,39.285714285714285
#662501,48.275862068965516,41.37931034482759,10.344827586206897
#1112702,40.0,33.33333333333333,26.666666666666668
#1112801,75.0,17.857142857142858,7.142857142857142
#1112802,70.0,26.666666666666668,3.3333333333333335
#1173,19.230769230769234,23.076923076923077,57.692307692307686
#1176,6.896551724137931,27.586206896551722,65.51724137931035
#1178,8.333333333333332,20.833333333333336,70.83333333333334
#1129,0.0,34.61538461538461,65.38461538461539
#1132,10.714285714285714,21.428571428571427,67.85714285714286
#1177,8.695652173913043,26.08695652173913,65.21739130434783
#1181,6.896551724137931,34.48275862068966,58.620689655172406
#1194,19.230769230769234,57.692307692307686,23.076923076923077
#1148,15.384615384615385,26.923076923076923,57.692307692307686
#1049104,0.0,16.666666666666664,83.33333333333334
#1042905,0.0,27.586206896551722,72.41379310344827
#1043905,0.0,20.833333333333336,79.16666666666666
#1050901,0.0,10.0,90.0
#1052410,4.0,44.0,52.0
#1051704,0.0,13.333333333333334,86.66666666666667
#2409302,13.333333333333334,86.66666666666667,0.0
#2411202,10.0,86.66666666666667,3.3333333333333335
#1043402,0.0,10.714285714285714,89.28571428571429
#1043807,3.7037037037037033,22.22222222222222,74.07407407407408
#1050703,23.076923076923077,19.230769230769234,57.692307692307686
#1057303,11.11111111111111,29.629629629629626,59.25925925925925
#1059106,0.0,26.666666666666668,73.33333333333333
#2409501,13.793103448275861,20.689655172413794,65.51724137931035
#2409103,26.666666666666668,36.666666666666664,36.666666666666664
#948902,0.0,10.344827586206897,89.65517241379311
#1050104,6.666666666666667,23.333333333333332,70.0
#1050602,0.0,23.333333333333332,76.66666666666667
#1057501,10.344827586206897,20.689655172413794,68.96551724137932
#1059401,16.666666666666664,43.333333333333336,40.0
#1059402,6.666666666666667,43.333333333333336,50.0
#1059601,17.24137931034483,31.03448275862069,51.724137931034484
#1058502,23.333333333333332,26.666666666666668,50.0
#1043501,0.0,14.285714285714285,85.71428571428571
#1042904,13.793103448275861,24.137931034482758,62.06896551724138
#964301,11.11111111111111,22.22222222222222,66.66666666666666
#1051909,0.41946308724832215,97.81879194630872,1.761744966442953
#1051105,18.51851851851852,14.814814814814813,66.66666666666666
#1049602,0.0,20.0,80.0
#1050801,23.333333333333332,20.0,56.666666666666664
#1049306,6.896551724137931,10.344827586206897,82.75862068965517
#1049801,0.0,10.0,90.0
#1059107,3.3333333333333335,26.666666666666668,70.0
#1059302,3.3333333333333335,56.666666666666664,40.0
#1051119,6.666666666666667,33.33333333333333,60.0
#1051311,0.0,16.666666666666664,83.33333333333334
#1051406,10.344827586206897,31.03448275862069,58.620689655172406
#1051703,7.142857142857142,25.0,67.85714285714286
#1051808,3.7037037037037033,22.22222222222222,74.07407407407408
#2410303,33.33333333333333,16.666666666666664,50.0
#2410201,40.0,13.333333333333334,46.666666666666664
#2410102,6.666666666666667,53.333333333333336,40.0
#1057103,6.666666666666667,20.0,73.33333333333333
#1058201,10.0,26.666666666666668,63.33333333333333
#1058601,24.137931034482758,31.03448275862069,44.827586206896555
#1058701,33.33333333333333,40.0,26.666666666666668
#1058801,31.03448275862069,10.344827586206897,58.620689655172406
#2402702,17.24137931034483,82.75862068965517,0.0
#2402701,20.0,50.0,30.0
#2410101,24.137931034482758,37.93103448275862,37.93103448275862
#2803601,2.4299065420560746,95.51401869158879,2.0560747663551404
#2812402,26.666666666666668,30.0,43.333333333333336
#2803901,30.0,30.0,40.0
#2804702,21.428571428571427,39.285714285714285,39.285714285714285
#628601,16.666666666666664,30.952380952380953,52.38095238095239
#638701,6.896551724137931,24.137931034482758,68.96551724137932
#638811,13.793103448275861,17.24137931034483,68.96551724137932
#646302,18.181818181818183,15.151515151515152,66.66666666666666
#636602,16.07547169811321,64.83018867924528,19.09433962264151
#636919,16.666666666666664,20.833333333333336,62.5
#631203,10.344827586206897,65.51724137931035,24.137931034482758
#644311,3.3333333333333335,16.666666666666664,80.0
#645201,7.4074074074074066,14.814814814814813,77.77777777777779
#646601,4.166666666666666,29.166666666666668,66.66666666666666
#646701,27.586206896551722,17.24137931034483,55.172413793103445
#652101,20.0,60.0,20.0
#652301,18.51851851851852,77.77777777777779,3.7037037037037033
#652508,26.923076923076923,53.84615384615385,19.230769230769234
#645701,15.625,59.375,25.0
#631701,20.833333333333336,54.166666666666664,25.0
#628102,10.714285714285714,39.285714285714285,50.0
#628701,18.421052631578945,44.73684210526316,36.84210526315789
#638601,3.7037037037037033,33.33333333333333,62.96296296296296
#647205,9.375,46.875,43.75
#647308,24.242424242424242,57.57575757575758,18.181818181818183
#1024401,3.3333333333333335,90.0,6.666666666666667
#1048302,0.0,10.0,90.0
#1038401,0.0,10.0,90.0
#1030505,0.0,10.0,90.0
#1030701,0.0,16.666666666666664,83.33333333333334
#1030802,0.0,11.11111111111111,88.88888888888889
#1040502,0.0,10.344827586206897,89.65517241379311
#1022404,13.333333333333334,33.33333333333333,53.333333333333336
#1022602,6.666666666666667,23.333333333333332,70.0
#1024901,46.666666666666664,43.333333333333336,10.0
#1029302,0.0,27.586206896551722,72.41379310344827
#1030301,33.33333333333333,53.333333333333336,13.333333333333334
#1031501,3.3333333333333335,80.0,16.666666666666664
#1031601,3.3333333333333335,36.666666666666664,60.0
#1031803,0.0,13.793103448275861,86.20689655172413
#1032201,3.3333333333333335,56.666666666666664,40.0
#1032301,10.0,40.0,50.0
#1032703,10.344827586206897,31.03448275862069,58.620689655172406
#1036301,0.0,10.344827586206897,89.65517241379311
#1037403,0.0,10.344827586206897,89.65517241379311
#1038101,0.0,10.344827586206897,89.65517241379311
#1038201,0.0,11.11111111111111,88.88888888888889
#1038603,0.0,11.538461538461538,88.46153846153845
#1038703,0.0,10.714285714285714,89.28571428571429
#1039702,0.0,10.0,90.0
#1039901,0.0,10.0,90.0
#1040301,0.0,10.0,90.0
#1048603,0.0,10.714285714285714,89.28571428571429
#1039801,0.0,23.076923076923077,76.92307692307693
#1037601,0.0,10.0,90.0
#1022203,16.666666666666664,23.333333333333332,60.0
#1022903,20.689655172413794,37.93103448275862,41.37931034482759
#1031701,3.571428571428571,17.857142857142858,78.57142857142857
#1028301,0.0,10.0,90.0
#1046302,0.0,10.344827586206897,89.65517241379311
#1032601,3.3333333333333335,40.0,56.666666666666664
#1031201,13.333333333333334,43.333333333333336,43.333333333333336
#1029201,0.0,20.0,80.0
#1037301,0.0,16.0,84.0
#1022302,17.24137931034483,65.51724137931035,17.24137931034483
#1022801,0.0,26.666666666666668,73.33333333333333
#1024802,36.666666666666664,46.666666666666664,16.666666666666664
#1040402,0.0,10.344827586206897,89.65517241379311
#1029603,0.0,16.666666666666664,83.33333333333334
#1031,17.24137931034483,58.620689655172406,24.137931034482758
#1027,20.0,36.0,44.0
#1004,3.7037037037037033,14.814814814814813,81.48148148148148
#990,13.793103448275861,24.137931034482758,62.06896551724138
#993,32.142857142857146,14.285714285714285,53.57142857142857
#996,17.857142857142858,14.285714285714285,67.85714285714286
#997,8.333333333333332,12.5,79.16666666666666
#994,24.137931034482758,13.793103448275861,62.06896551724138
#998,13.043478260869565,13.043478260869565,73.91304347826086
#1007,13.793103448275861,20.689655172413794,65.51724137931035
#1008,31.03448275862069,17.24137931034483,51.724137931034484
#1002,20.833333333333336,50.0,29.166666666666668
#987,10.344827586206897,17.24137931034483,72.41379310344827
#1006,28.57142857142857,50.0,21.428571428571427
#1028,18.75,81.25,0.0
#999,20.0,40.0,40.0
#981,26.31578947368421,31.57894736842105,42.10526315789473
#984,10.344827586206897,20.689655172413794,68.96551724137932
#985,28.57142857142857,17.857142857142858,53.57142857142857
#989,14.285714285714285,53.57142857142857,32.142857142857146
#1009,32.142857142857146,32.142857142857146,35.714285714285715
#1010,28.57142857142857,57.14285714285714,14.285714285714285
#2524601,6.666666666666667,13.333333333333334,80.0
#2411805,0.0,79.3103448275862,20.689655172413794
#2418401,16.666666666666664,13.333333333333334,70.0
#2434401,20.689655172413794,48.275862068965516,31.03448275862069
#2433703,0.0,17.24137931034483,82.75862068965517
#2409801,16.666666666666664,46.666666666666664,36.666666666666664
#2417801,34.48275862068966,34.48275862068966,31.03448275862069
#2409901,20.689655172413794,20.689655172413794,58.620689655172406
#2428401,3.3333333333333335,40.0,56.666666666666664
#2418102,0.0,31.25,68.75
#2418901,3.571428571428571,42.857142857142854,53.57142857142857
#2418301,3.3333333333333335,56.666666666666664,40.0
#2418202,17.24137931034483,34.48275862068966,48.275862068965516
#2418201,3.3333333333333335,26.666666666666668,70.0
#2419902,3.8461538461538463,19.230769230769234,76.92307692307693
#2419601,3.4482758620689653,44.827586206896555,51.724137931034484
#2427201,3.3333333333333335,30.0,66.66666666666666
#2426501,23.333333333333332,43.333333333333336,33.33333333333333
#2516902,13.333333333333334,70.0,16.666666666666664
#2434801,10.344827586206897,79.3103448275862,10.344827586206897
#2419301,0.0,14.285714285714285,85.71428571428571
#2435401,16.666666666666664,70.0,13.333333333333334
#2426101,30.0,33.33333333333333,36.666666666666664
#2411803,3.4482758620689653,41.37931034482759,55.172413793103445
#2410702,7.4074074074074066,37.03703703703704,55.55555555555556
#2409401,10.344827586206897,44.827586206896555,44.827586206896555
#2418601,14.814814814814813,22.22222222222222,62.96296296296296
#2427301,0.0,37.93103448275862,62.06896551724138
#2540601,0.0,10.344827586206897,89.65517241379311
#2516903,23.333333333333332,20.0,56.666666666666664
#2516603,6.666666666666667,30.0,63.33333333333333
#2435601,0.0,100.0,0.0
#2418103,0.0,20.0,80.0
#2410903,10.344827586206897,68.96551724137932,20.689655172413794
#2410503,3.3333333333333335,93.33333333333333,3.3333333333333335
#2419702,13.333333333333334,50.0,36.666666666666664
#2328602,21.428571428571427,21.428571428571427,57.14285714285714
#2316801,28.000000000000004,44.0,28.000000000000004
#2321303,21.428571428571427,42.857142857142854,35.714285714285715
#2320509,0.0,20.689655172413794,79.3103448275862
#2330402,43.333333333333336,23.333333333333332,33.33333333333333
#2329702,25.0,28.57142857142857,46.42857142857143
#2329201,33.33333333333333,16.666666666666664,50.0
#2321801,13.333333333333334,26.666666666666668,60.0
#2330103,14.849290780141844,70.65602836879432,14.49468085106383
#2315701,6.666666666666667,60.0,33.33333333333333
#2315606,20.0,30.0,50.0
#2314602,0.0,34.48275862068966,65.51724137931035
#2314403,0.0,20.0,80.0
#2320305,3.3333333333333335,20.0,76.66666666666667
#2329602,50.0,20.0,30.0
#2328901,17.857142857142858,17.857142857142858,64.28571428571429
#2312902,3.3333333333333335,23.333333333333332,73.33333333333333
#2321706,6.666666666666667,20.0,73.33333333333333
#2330502,26.666666666666668,73.33333333333333,0.0
#2330901,58.620689655172406,31.03448275862069,10.344827586206897
#2323302,13.333333333333334,63.33333333333333,23.333333333333332
#2330201,6.666666666666667,66.66666666666666,26.666666666666668
#2320201,0.0,10.0,90.0
#2328310,0.0,20.0,80.0
#2321101,20.0,20.0,60.0
#2331201,9.090909090909092,45.45454545454545,45.45454545454545
#2315501,22.22222222222222,37.03703703703704,40.74074074074074
#2313502,3.4482758620689653,24.137931034482758,72.41379310344827
#2312801,0.0,10.344827586206897,89.65517241379311
#2322305,3.3333333333333335,60.0,36.666666666666664
#2324505,23.333333333333332,46.666666666666664,30.0
#2336301,44.827586206896555,41.37931034482759,13.793103448275861
#2331101,0.0,96.66666666666667,3.3333333333333335
#2316501,13.333333333333334,36.666666666666664,50.0
#2329302,13.333333333333334,50.0,36.666666666666664
#148902,12.0,16.0,72.0
#254802,33.33333333333333,22.22222222222222,44.44444444444444
#233501,0.0,23.076923076923077,76.92307692307693
#249201,10.0,15.0,75.0
#241304,22.22222222222222,18.51851851851852,59.25925925925925
#2809301,28.57142857142857,14.285714285714285,57.14285714285714
#2826206,37.03703703703704,44.44444444444444,18.51851851851852
#2732502,29.629629629629626,25.925925925925924,44.44444444444444
#2716605,0.0,17.857142857142858,82.14285714285714
#2708503,10.0,20.0,70.0
#2801801,60.0,20.0,20.0
#2724704,46.42857142857143,28.57142857142857,25.0
#2724703,35.714285714285715,35.714285714285715,28.57142857142857
#2827201,34.48275862068966,44.827586206896555,20.689655172413794
#2732703,11.11111111111111,48.148148148148145,40.74074074074074
#2817702,19.230769230769234,19.230769230769234,61.53846153846154
#2809414,3.7037037037037033,18.51851851851852,77.77777777777779
#2803402,39.285714285714285,21.428571428571427,39.285714285714285
#2801504,21.428571428571427,35.714285714285715,42.857142857142854
#2827101,17.857142857142858,17.857142857142858,64.28571428571429
#2707901,7.142857142857142,10.714285714285714,82.14285714285714
#2707801,3.571428571428571,25.0,71.42857142857143
#2724202,75.0,17.857142857142858,7.142857142857142
#2809602,20.0,28.000000000000004,52.0
#2802901,44.44444444444444,33.33333333333333,22.22222222222222
#2802501,29.629629629629626,25.925925925925924,44.44444444444444
#2818201,10.714285714285714,25.0,64.28571428571429
#2826802,50.0,42.30769230769231,7.6923076923076925
#2825903,25.0,32.142857142857146,42.857142857142854
#2819703,35.714285714285715,53.57142857142857,10.714285714285714
#2819101,32.0,36.0,32.0
#2818902,40.74074074074074,22.22222222222222,37.03703703703704
#2818801,40.74074074074074,29.629629629629626,29.629629629629626
#2715201,11.11111111111111,14.814814814814813,74.07407407407408
#2708801,7.4074074074074066,14.814814814814813,77.77777777777779
#2724101,21.428571428571427,50.0,28.57142857142857
#2817501,14.285714285714285,32.142857142857146,53.57142857142857
#2810402,32.142857142857146,17.857142857142858,50.0
#2827801,26.923076923076923,23.076923076923077,50.0
#2810801,20.0,20.0,60.0
#2826401,74.07407407407408,18.51851851851852,7.4074074074074066
#2732601,81.48148148148148,18.51851851851852,0.0
#2818301,28.57142857142857,28.57142857142857,42.857142857142854
#2818501,21.428571428571427,25.0,53.57142857142857
#2716702,21.428571428571427,28.57142857142857,50.0
#2809101,3.7037037037037033,25.925925925925924,70.37037037037037
#2716201,7.142857142857142,17.857142857142858,75.0
#2724902,53.84615384615385,15.384615384615385,30.76923076923077
#2708602,22.22222222222222,14.814814814814813,62.96296296296296
#2732101,25.925925925925924,18.51851851851852,55.55555555555556
#2731804,29.629629629629626,44.44444444444444,25.925925925925924
#2802404,37.03703703703704,22.22222222222222,40.74074074074074
#2708701,14.285714285714285,14.285714285714285,71.42857142857143
#2707501,11.538461538461538,11.538461538461538,76.92307692307693
#2716202,0.0,19.230769230769234,80.76923076923077
#2809901,1.185770750988142,91.30434782608695,7.5098814229249005
#2809710,17.857142857142858,10.714285714285714,71.42857142857143
#1013305,0.0,26.666666666666668,73.33333333333333
#1014704,0.0,83.33333333333334,16.666666666666664
#753701,3.3333333333333335,40.0,56.666666666666664
#762301,13.333333333333334,80.0,6.666666666666667
#1003902,0.0,34.78260869565217,65.21739130434783
#1009801,0.0,84.0,16.0
#1013104,6.666666666666667,10.0,83.33333333333334
#752616,11.11111111111111,62.96296296296296,25.925925925925924
#753902,6.896551724137931,55.172413793103445,37.93103448275862
#754702,0.0,17.24137931034483,82.75862068965517
#754901,0.0,46.666666666666664,53.333333333333336
#755701,13.793103448275861,17.24137931034483,68.96551724137932
#757201,31.25,43.75,25.0
#757502,26.08695652173913,47.82608695652174,26.08695652173913
#758601,16.666666666666664,54.166666666666664,29.166666666666668
#759201,4.166666666666666,45.83333333333333,50.0
#759501,10.714285714285714,25.0,64.28571428571429
#759602,23.076923076923077,19.230769230769234,57.692307692307686
#759801,8.0,44.0,48.0
#760101,20.0,33.33333333333333,46.666666666666664
#760201,7.4074074074074066,33.33333333333333,59.25925925925925
#760502,16.666666666666664,33.33333333333333,50.0
#760901,0.0,13.333333333333334,86.66666666666667
#761224,3.3333333333333335,30.0,66.66666666666666
#761601,3.225806451612903,16.129032258064516,80.64516129032258
#761802,0.0,10.0,90.0
#762502,6.666666666666667,23.333333333333332,70.0
#762601,23.333333333333332,16.666666666666664,60.0
#762823,0.0,20.689655172413794,79.3103448275862
#763702,3.3333333333333335,26.666666666666668,70.0
#916901,13.333333333333334,83.33333333333334,3.3333333333333335
#1001401,19.230769230769234,53.84615384615385,26.923076923076923
#1002802,39.130434782608695,34.78260869565217,26.08695652173913
#1003903,6.666666666666667,50.0,43.333333333333336
#1004202,7.6923076923076925,30.76923076923077,61.53846153846154
#1004301,0.0,26.923076923076923,73.07692307692307
#1004504,0.0,65.51724137931035,34.48275862068966
#1005225,3.4482758620689653,20.689655172413794,75.86206896551724
#1005905,7.142857142857142,21.428571428571427,71.42857142857143
#1006101,14.285714285714285,17.857142857142858,67.85714285714286
#1006302,3.4482758620689653,34.48275862068966,62.06896551724138
#1006403,0.0,10.714285714285714,89.28571428571429
#1006602,22.22222222222222,44.44444444444444,33.33333333333333
#1006909,10.714285714285714,53.57142857142857,35.714285714285715
#1007805,3.571428571428571,67.85714285714286,28.57142857142857
#1009101,34.61538461538461,30.76923076923077,34.61538461538461
#1009601,6.25,37.5,56.25
#1010101,22.22222222222222,55.55555555555556,22.22222222222222
#1010701,23.333333333333332,66.66666666666666,10.0
#1011802,13.793103448275861,48.275862068965516,37.93103448275862
#1012203,0.0,58.620689655172406,41.37931034482759
#1012302,6.896551724137931,27.586206896551722,65.51724137931035
#1012404,13.333333333333334,56.666666666666664,30.0
#1012504,17.24137931034483,17.24137931034483,65.51724137931035
#1012703,17.857142857142858,42.857142857142854,39.285714285714285
#1013404,0.0,23.333333333333332,76.66666666666667
#1013806,6.666666666666667,16.666666666666664,76.66666666666667
#1014513,0.0,100.0,0.0
#1014206,0.0,46.666666666666664,53.333333333333336
#1013307,6.666666666666667,26.666666666666668,66.66666666666666
#1004603,0.0,35.714285714285715,64.28571428571429
#758901,10.344827586206897,72.41379310344827,17.24137931034483
#760302,4.545454545454546,45.45454545454545,50.0
#1014901,6.666666666666667,90.0,3.3333333333333335
#1021201,6.666666666666667,30.0,63.33333333333333
#1011404,3.3333333333333335,93.33333333333333,3.3333333333333335
#1009401,22.727272727272727,31.818181818181817,45.45454545454545
#1004901,1.2863268222963316,97.23677941877085,1.4768937589328253
#752502,37.93103448275862,27.586206896551722,34.48275862068966
#759301,3.8461538461538463,50.0,46.15384615384615
#1002301,16.0,60.0,24.0
#763202,27.586206896551722,20.689655172413794,51.724137931034484
#759802,12.0,24.0,64.0
#750701,18.51851851851852,55.55555555555556,25.925925925925924
#751902,30.0,30.0,40.0
#760301,3.3333333333333335,66.66666666666666,30.0
#760401,0.0,50.0,50.0
#761902,0.0,10.714285714285714,89.28571428571429
#762101,23.333333333333332,43.333333333333336,33.33333333333333
#1002901,30.76923076923077,42.30769230769231,26.923076923076923
#1003201,3.4482758620689653,37.93103448275862,58.620689655172406
#1003501,11.11111111111111,77.77777777777779,11.11111111111111
#1005502,0.0,21.428571428571427,78.57142857142857
#1007701,10.344827586206897,79.3103448275862,10.344827586206897
#550903,42.857142857142854,39.285714285714285,17.857142857142858
#1201306,21.62162162162162,10.81081081081081,67.56756756756756
#1211404,22.857142857142858,31.428571428571427,45.714285714285715
#1211207,30.76923076923077,28.205128205128204,41.02564102564102
#557101,17.391304347826086,34.78260869565217,47.82608695652174
#1202306,32.142857142857146,28.57142857142857,39.285714285714285
#1203904,25.925925925925924,18.51851851851852,55.55555555555556
#550502,33.33333333333333,38.095238095238095,28.57142857142857
#550701,28.57142857142857,42.857142857142854,28.57142857142857
#557803,25.925925925925924,40.74074074074074,33.33333333333333
#558303,26.08695652173913,21.73913043478261,52.17391304347826
#559403,26.923076923076923,26.923076923076923,46.15384615384615
#1201502,26.666666666666668,30.0,43.333333333333336
#1202813,0.0,33.33333333333333,66.66666666666666
#1202931,22.5,37.5,40.0
#664501,3.8461538461538463,23.076923076923077,73.07692307692307
#1202812,14.285714285714285,21.428571428571427,64.28571428571429
#1108203,4.761904761904762,14.285714285714285,80.95238095238095
#1203207,3.7037037037037033,48.148148148148145,48.148148148148145
#1204805,26.666666666666668,26.666666666666668,46.666666666666664
#1210218,15.0,35.0,50.0
#551715,33.33333333333333,40.0,26.666666666666668
#664811,6.666666666666667,26.666666666666668,66.66666666666666
#1108308,10.81081081081081,24.324324324324326,64.86486486486487
#1203807,0.0,50.0,50.0
#1201624,22.58064516129032,19.35483870967742,58.06451612903226
#551801,22.22222222222222,44.44444444444444,33.33333333333333
#1108201,6.451612903225806,25.806451612903224,67.74193548387096
#1201102,10.0,46.666666666666664,43.333333333333336
#1201206,14.705882352941178,26.47058823529412,58.82352941176471
#1201301,21.62162162162162,21.62162162162162,56.75675675675676
#1201617,37.93103448275862,31.03448275862069,31.03448275862069
#1201904,20.689655172413794,37.93103448275862,41.37931034482759
#1210305,18.91891891891892,29.72972972972973,51.35135135135135
#1210401,25.925925925925924,48.148148148148145,25.925925925925924
#1211310,30.23255813953488,30.23255813953488,39.53488372093023
#2313303,0.0,20.0,80.0
#1163401,13.333333333333334,73.33333333333333,13.333333333333334
#1146701,3.4482758620689653,68.96551724137932,27.586206896551722
#1160605,3.3333333333333335,16.666666666666664,80.0
#1153205,3.3333333333333335,73.33333333333333,23.333333333333332
#1162601,10.0,83.33333333333334,6.666666666666667
#1162702,13.333333333333334,56.666666666666664,30.0
#1162801,21.428571428571427,28.57142857142857,50.0
#1163502,23.333333333333332,50.0,26.666666666666668
#1163601,13.333333333333334,63.33333333333333,23.333333333333332
#2304602,3.4482758620689653,13.793103448275861,82.75862068965517
#2304603,12.0,24.0,64.0
#2305803,0.0,21.428571428571427,78.57142857142857
#2306113,10.0,80.0,10.0
#2308701,0.0,36.666666666666664,63.33333333333333
#2313302,3.4482758620689653,20.689655172413794,75.86206896551724
#1161204,0.0,21.73913043478261,78.26086956521739
#1145408,3.3333333333333335,56.666666666666664,40.0
#1146606,6.896551724137931,44.827586206896555,48.275862068965516
#1155901,0.0,76.66666666666667,23.333333333333332
#1146802,0.0,88.88888888888889,11.11111111111111
#1152305,0.0,46.666666666666664,53.333333333333336
#1160804,3.3333333333333335,13.333333333333334,83.33333333333334
#1162401,23.333333333333332,36.666666666666664,40.0
#1160502,0.0,13.333333333333334,86.66666666666667
#2306303,16.666666666666664,73.33333333333333,10.0
#2306503,10.0,23.333333333333332,66.66666666666666
#2306601,7.142857142857142,32.142857142857146,60.71428571428571
#1153503,10.0,26.666666666666668,63.33333333333333
#2307901,17.24137931034483,24.137931034482758,58.620689655172406
#2308201,10.0,66.66666666666666,23.333333333333332
#2308401,10.0,43.333333333333336,46.666666666666664
#2308503,0.0,44.827586206896555,55.172413793103445
#2306704,3.4482758620689653,20.689655172413794,75.86206896551724
#1145802,16.0,24.0,60.0
#1163901,24.0,44.0,32.0
#2307501,0.0,50.0,50.0
#2305301,0.0,25.0,75.0
#1147703,0.0,62.96296296296296,37.03703703703704
#1160302,0.0,10.344827586206897,89.65517241379311
#1144904,0.0,43.333333333333336,56.666666666666664
#1145806,14.285714285714285,46.42857142857143,39.285714285714285
#1154601,10.344827586206897,68.96551724137932,20.689655172413794
#1154802,13.793103448275861,79.3103448275862,6.896551724137931
#1153102,0.0,55.55555555555556,44.44444444444444
#1153802,6.666666666666667,86.66666666666667,6.666666666666667
#1154101,0.0,80.0,20.0
#1154402,0.0,93.33333333333333,6.666666666666667
#1155501,13.333333333333334,60.0,26.666666666666668
#1160902,3.3333333333333335,13.333333333333334,83.33333333333334
#1161406,0.0,17.857142857142858,82.14285714285714
#1161801,3.7037037037037033,18.51851851851852,77.77777777777779
#1162201,6.666666666666667,83.33333333333334,10.0
#1162301,0.0,96.66666666666667,3.3333333333333335
#1163801,16.666666666666664,70.0,13.333333333333334
#2304802,6.896551724137931,20.689655172413794,72.41379310344827
#2305202,0.0,23.333333333333332,76.66666666666667
#2305602,0.0,30.0,70.0
#2305701,14.285714285714285,10.714285714285714,75.0
#2307404,0.0,60.71428571428571,39.285714285714285
#2307702,0.0,57.692307692307686,42.30769230769231
#2314101,3.7037037037037033,29.629629629629626,66.66666666666666
#2315204,16.666666666666664,36.666666666666664,46.666666666666664
#2316101,13.333333333333334,40.0,46.666666666666664
#2710109,18.51851851851852,11.11111111111111,70.37037037037037
#2726203,3.4482758620689653,20.689655172413794,75.86206896551724
#2711701,16.666666666666664,20.0,63.33333333333333
#2608506,0.0,14.285714285714285,85.71428571428571
#2705922,30.0,26.666666666666668,43.333333333333336
#2704720,7.6923076923076925,23.076923076923077,69.23076923076923
#2709812,3.7037037037037033,11.11111111111111,85.18518518518519
#2703501,0.0,50.0,50.0
#2712201,3.571428571428571,32.142857142857146,64.28571428571429
#2728301,30.0,33.33333333333333,36.666666666666664
#2721127,13.793103448275861,37.93103448275862,48.275862068965516
#2720504,3.4482758620689653,31.03448275862069,65.51724137931035
#2719514,20.0,16.666666666666664,63.33333333333333
#2701906,24.137931034482758,17.24137931034483,58.620689655172406
#2712908,16.666666666666664,16.666666666666664,66.66666666666666
#2705401,9.090909090909092,22.727272727272727,68.18181818181817
#2711602,6.896551724137931,24.137931034482758,68.96551724137932
#2711413,11.11111111111111,11.11111111111111,77.77777777777779
#2729501,51.85185185185185,22.22222222222222,25.925925925925924
#2719804,0.0,13.793103448275861,86.20689655172413
#2719604,3.7037037037037033,11.11111111111111,85.18518518518519
#2718514,7.4074074074074066,37.03703703703704,55.55555555555556
#2703901,6.666666666666667,43.333333333333336,50.0
#2616305,4.0,24.0,72.0
#2616202,0.0,12.5,87.5
#2717604,0.0,12.0,88.0
#2713711,0.0,10.344827586206897,89.65517241379311
#2712714,18.181818181818183,18.181818181818183,63.63636363636363
#2711109,30.0,20.0,50.0
#2727517,7.142857142857142,17.857142857142858,75.0
#2726517,14.285714285714285,28.57142857142857,57.14285714285714
#2726403,23.076923076923077,34.61538461538461,42.30769230769231
#2725603,11.11111111111111,33.33333333333333,55.55555555555556
#2720305,17.24137931034483,31.03448275862069,51.724137931034484
#2718611,17.857142857142858,14.285714285714285,67.85714285714286
#2706901,17.857142857142858,17.857142857142858,64.28571428571429
#2727801,0.0,10.714285714285714,89.28571428571429
#2727611,7.6923076923076925,26.923076923076923,65.38461538461539
#2703816,19.35483870967742,25.806451612903224,54.83870967741935
#2717901,18.51851851851852,22.22222222222222,59.25925925925925
#2721301,26.666666666666668,20.0,53.333333333333336
#2709903,33.33333333333333,25.925925925925924,40.74074074074074
#2711916,0.0,31.03448275862069,68.96551724137932
#2730101,11.538461538461538,11.538461538461538,76.92307692307693
#2721101,4.0,32.0,64.0
#2702507,16.666666666666664,30.0,53.333333333333336
#2705601,20.0,20.0,60.0
#2717505,28.57142857142857,39.285714285714285,32.142857142857146
#2709601,0.0,19.047619047619047,80.95238095238095
#2353703,34.61538461538461,23.076923076923077,42.30769230769231
#2353901,48.275862068965516,37.93103448275862,13.793103448275861
#2336801,27.586206896551722,31.03448275862069,41.37931034482759
#2344904,25.925925925925924,22.22222222222222,51.85185185185185
#4403404,17.647058823529413,58.82352941176471,23.52941176470588
#2860902,25.0,43.75,31.25
#2860402,16.666666666666664,16.666666666666664,66.66666666666666
#2859801,13.333333333333334,26.666666666666668,60.0
#2860806,9.090909090909092,63.63636363636363,27.27272727272727
#2859703,20.0,26.666666666666668,53.333333333333336
#542702,20.0,52.0,28.000000000000004
#533802,6.25,78.125,15.625
#536402,6.896551724137931,89.65517241379311,3.4482758620689653
#526501,13.949044585987261,70.70063694267516,15.350318471337578
#527802,25.925925925925924,37.03703703703704,37.03703703703704
#528501,10.344827586206897,62.06896551724138,27.586206896551722
#534204,13.793103448275861,62.06896551724138,24.137931034482758
#541101,12.121212121212121,51.515151515151516,36.36363636363637
#541403,22.22222222222222,48.148148148148145,29.629629629629626
#542202,22.22222222222222,59.25925925925925,18.51851851851852
#542301,20.0,60.0,20.0
#542401,24.0,44.0,32.0
#542801,19.047619047619047,52.38095238095239,28.57142857142857
#544102,20.689655172413794,58.620689655172406,20.689655172413794
#544610,23.333333333333332,43.333333333333336,33.33333333333333
#544703,25.925925925925924,37.03703703703704,37.03703703703704
#552603,28.205128205128204,38.46153846153847,33.33333333333333
#551202,31.25,34.375,34.375
#551203,12.903225806451612,45.16129032258064,41.935483870967744
#551304,26.923076923076923,19.230769230769234,53.84615384615385
#640205,10.81081081081081,70.27027027027027,18.91891891891892
#525904,11.11111111111111,48.148148148148145,40.74074074074074
#527602,17.24137931034483,44.827586206896555,37.93103448275862
#534101,3.4482758620689653,82.75862068965517,13.793103448275861
#534606,10.344827586206897,79.3103448275862,10.344827586206897
#534703,3.4482758620689653,93.10344827586206,3.4482758620689653
#535302,13.793103448275861,75.86206896551724,10.344827586206897
#535603,40.909090909090914,31.818181818181817,27.27272727272727
#535802,13.793103448275861,72.41379310344827,13.793103448275861
#536102,13.793103448275861,72.41379310344827,13.793103448275861
#550202,20.0,56.00000000000001,24.0
#550204,34.61538461538461,23.076923076923077,42.30769230769231
#551303,17.94871794871795,56.41025641025641,25.64102564102564
#536705,17.391304347826086,56.52173913043478,26.08695652173913
#525502,21.428571428571427,42.857142857142854,35.714285714285715
#542201,26.08695652173913,39.130434782608695,34.78260869565217
#544705,15.625,62.5,21.875
#552111,23.076923076923077,48.717948717948715,28.205128205128204
#632803,14.285714285714285,67.85714285714286,17.857142857142858
#640501,9.090909090909092,45.45454545454545,45.45454545454545
#535403,17.24137931034483,65.51724137931035,17.24137931034483
#533401,11.538461538461538,42.30769230769231,46.15384615384615
#656306,8.0,32.0,60.0
#551101,27.586206896551722,51.724137931034484,20.689655172413794
#527703,20.0,26.666666666666668,53.333333333333336
#543703,31.03448275862069,48.275862068965516,20.689655172413794
#543705,28.000000000000004,40.0,32.0
#527901,11.11111111111111,70.37037037037037,18.51851851851852
#527102,3.4482758620689653,48.275862068965516,48.275862068965516
#536201,10.344827586206897,62.06896551724138,27.586206896551722
#544801,20.51282051282051,56.41025641025641,23.076923076923077
#640306,52.94117647058824,23.52941176470588,23.52941176470588
#640802,15.625,21.875,62.5
#1159405,20.689655172413794,24.137931034482758,55.172413793103445
#1151303,0.0,16.666666666666664,83.33333333333334
#1160803,14.285714285714285,53.57142857142857,32.142857142857146
#1149101,0.0,10.344827586206897,89.65517241379311
#1149404,0.0,13.333333333333334,86.66666666666667
#1149801,0.0,11.11111111111111,88.88888888888889
#1150203,0.0,10.0,90.0
#1150204,0.0,13.333333333333334,86.66666666666667
#1150605,0.0,10.0,90.0
#1151102,0.0,10.344827586206897,89.65517241379311
#1151104,3.571428571428571,25.0,71.42857142857143
#1151703,1.639344262295082,73.77049180327869,24.59016393442623
#2302104,3.3333333333333335,13.333333333333334,83.33333333333334
#2302302,16.666666666666664,56.666666666666664,26.666666666666668
#2302501,0.0,10.344827586206897,89.65517241379311
#2302801,17.24137931034483,31.03448275862069,51.724137931034484
#2302901,0.0,10.344827586206897,89.65517241379311
#2303103,34.48275862068966,41.37931034482759,24.137931034482758
#2303201,0.0,36.666666666666664,63.33333333333333
#2311103,0.0,33.33333333333333,66.66666666666666
#2302703,6.666666666666667,63.33333333333333,30.0
#1141602,0.0,13.793103448275861,86.20689655172413
#1158103,0.0,10.0,90.0
#2301901,23.333333333333332,23.333333333333332,53.333333333333336
#2408301,3.4482758620689653,10.344827586206897,86.20689655172413
#2303802,0.0,10.0,90.0
#1159202,0.0,10.344827586206897,89.65517241379311
#1157202,6.666666666666667,13.333333333333334,80.0
#2310203,17.857142857142858,39.285714285714285,42.857142857142854
#1158205,0.0,10.344827586206897,89.65517241379311
#2304701,0.0,26.666666666666668,73.33333333333333
#2303304,6.666666666666667,36.666666666666664,56.666666666666664
#1151403,1.461108723678556,96.26128061882252,2.2776106574989257
#2304106,13.333333333333334,60.0,26.666666666666668
#2303702,3.4482758620689653,37.93103448275862,58.620689655172406
#1157401,0.0,10.0,90.0
#1056602,0.0,13.333333333333334,86.66666666666667
#1142609,0.0,22.22222222222222,77.77777777777779
#1056801,0.0,10.0,90.0
#1158901,6.666666666666667,86.66666666666667,6.666666666666667
#1159404,7.6923076923076925,19.230769230769234,73.07692307692307
#1159503,34.48275862068966,24.137931034482758,41.37931034482759
#2312102,0.0,10.344827586206897,89.65517241379311
#336401,29.166666666666668,25.0,45.83333333333333
#336301,24.0,20.0,56.00000000000001
#336501,8.0,20.0,72.0
#338901,7.142857142857142,28.57142857142857,64.28571428571429
#339201,16.666666666666664,25.0,58.333333333333336
#352702,13.043478260869565,21.73913043478261,65.21739130434783
#352804,14.285714285714285,23.809523809523807,61.904761904761905
#353201,5.88235294117647,17.647058823529413,76.47058823529412
#353305,16.0,20.0,64.0
#353502,30.0,25.0,45.0
#354501,22.22222222222222,16.666666666666664,61.111111111111114
#354602,25.0,15.0,60.0
#355101,33.33333333333333,25.0,41.66666666666667
#355408,15.0,15.0,70.0
#355409,15.789473684210526,15.789473684210526,68.42105263157895
#355705,10.0,15.0,75.0
#346604,29.411764705882355,17.647058823529413,52.94117647058824
#362203,45.83333333333333,20.833333333333336,33.33333333333333
#354301,1.2285012285012284,97.64127764127764,1.1302211302211302
#337804,0.0,42.857142857142854,57.14285714285714
#337901,25.0,20.833333333333336,54.166666666666664
#338302,18.75,18.75,62.5
#338401,0.0,26.08695652173913,73.91304347826086
#338601,16.666666666666664,16.666666666666664,66.66666666666666
#339901,9.090909090909092,27.27272727272727,63.63636363636363
#340101,28.000000000000004,48.0,24.0
#340701,36.36363636363637,13.636363636363635,50.0
#344302,3.8461538461538463,19.230769230769234,76.92307692307693
#344501,4.761904761904762,28.57142857142857,66.66666666666666
#344703,0.0,25.0,75.0
#344704,21.052631578947366,21.052631578947366,57.89473684210527
#344801,30.76923076923077,26.923076923076923,42.30769230769231
#348404,30.76923076923077,30.76923076923077,38.46153846153847
#352302,12.5,31.25,56.25
#352402,31.818181818181817,18.181818181818183,50.0
#355804,26.666666666666668,20.0,53.333333333333336
#356101,8.695652173913043,17.391304347826086,73.91304347826086
#346302,15.0,15.0,70.0
#338402,0.0,41.66666666666667,58.333333333333336
#355302,9.090909090909092,18.181818181818183,72.72727272727273
#355503,22.727272727272727,18.181818181818183,59.09090909090909
#362604,15.0,20.0,65.0
#353803,50.0,50.0,0.0
#347902,25.0,20.0,55.00000000000001
#345801,16.0,16.0,68.0
#352301,30.76923076923077,19.230769230769234,50.0
#352902,22.727272727272727,13.636363636363635,63.63636363636363
#353101,13.636363636363635,27.27272727272727,59.09090909090909
#344504,15.384615384615385,19.230769230769234,65.38461538461539
#353901,28.57142857142857,32.142857142857146,39.285714285714285
#354401,0.0,18.75,81.25
#345304,27.27272727272727,18.181818181818183,54.54545454545454
#345904,10.0,15.0,75.0
#347601,34.78260869565217,21.73913043478261,43.47826086956522
#706202,0.0,30.0,70.0
#263702,11.11111111111111,16.666666666666664,72.22222222222221
#262401,33.33333333333333,16.666666666666664,50.0
#713601,0.0,12.5,87.5
#261703,4.3478260869565215,13.043478260869565,82.6086956521739
#262501,0.0,19.047619047619047,80.95238095238095
#705502,11.11111111111111,27.77777777777778,61.111111111111114
#706504,0.0,25.0,75.0
#707201,5.263157894736842,26.31578947368421,68.42105263157895
#707702,0.0,25.0,75.0
#714301,0.0,25.0,75.0
#715104,0.0,17.647058823529413,82.35294117647058
#715401,0.0,20.0,80.0
#715502,24.0,16.0,60.0
#723102,19.230769230769234,19.230769230769234,61.53846153846154
#702301,5.88235294117647,17.647058823529413,76.47058823529412
#704103,15.384615384615385,30.76923076923077,53.84615384615385
#711501,0.0,21.428571428571427,78.57142857142857
#707101,11.11111111111111,22.22222222222222,66.66666666666666
#712402,8.333333333333332,25.0,66.66666666666666
#712401,0.1388888888888889,98.51851851851852,1.3425925925925926
#711601,28.57142857142857,14.285714285714285,57.14285714285714
#715201,18.181818181818183,13.636363636363635,68.18181818181817
#258701,0.0,21.428571428571427,78.57142857142857
#259802,0.0,18.181818181818183,81.81818181818183
